#Full  3CR      RA1950(h:m:s)    e(s)    DE1950(d:m:s)     e(arcmin)    S178MHz(Jy) n l  Diam x   RA.icrs(h:m:s)    DE.icrs(d:m:s)
1    2    00 03 49.0  5.0  -00 23.0   7.00     15.0   <   5.0 "  00 06 22.8  -00 06 18
2    6.1  00 14 12.0 30.0  +79 24.0  45.00     16.0       2.5 '  00 17 10.5  +79 40 40
3    9    00 17 50.0  5.0  +15 23.0   8.00     15.0   <   3.0 '  00 20 25.3  +15 39 39
4   10    00 22 48.1  2.0  +63 50.7   2.00    134.0       6.6 '  00 25 36.3  +64 07 18
5   11.1  00 27 06.0 18.0  +63 24.0  45.00     11.5   <   2.5 '  00 29 56.4  +63 40 34
6   13    00 31 35.0  5.0  +39 03.0   4.00     10.5 * <  20.0 "  00 34 16.6  +39 19 32
7   14    00 33 30.6  3.0  +18 20.7   3.00      9.5 * <  20.0 "  00 36 07.7  +18 37 13
8   14.1  00 33 36.0 18.0  +59 30.0  45.00     14.0   <   2.0 '  00 36 27.1  +59 46 30
9   15    00 34 33.0  6.0  -01 31.0   5.00     14.5 * <  40.0 "  00 37 06.5  -01 14 30
10   16    00 35 06.0  6.0  +12 50.0  16.00     11.5 * <   1.0 '  00 37 42.2  +13 06 30
11   17    00 35 52.0  5.0  -02 16.0  14.00     21.0 * <  40.0 "  00 38 25.4  -01 59 31
12   19    00 38 14.0  6.0  +32 54.0   4.00      9.0 * <  12.0 "  00 40 55.2  +33 10 27
13   18    00 38 15.0  7.0  +09 54.0   7.00     23.0 * <  40.0 "  00 40 50.8  +10 10 27
14   20    00 40 19.9  1.0  +51 46.0   1.50     41.0 * <   1.0 '  00 43 09.1  +52 02 25
15   21.1  00 42 30.0 18.0  +67 48.0  45.00      9.0   <   3.0 '  00 45 35.2  +68 04 24
16   22    00 48 06.2  3.0  +50 56.7   3.00     14.5   <   2.0 '  00 50 57.7  +51 13 01
17   27    00 52 42.0  3.0  +68 13.0  10.00     24.0   <   2.0 '  00 55 55.3  +68 29 14
18   28    00 53 09.4  1.0  +26 07.9   1.00     14.0   <   3.0 '  00 55 50.9  +26 24 08
19   29    00 55 03.0  4.0  -01 35.0  10.00     15.0   <   3.0 '  00 57 36.3  -01 18 48
20   31    01 04 42.0  3.0  +32 07.5   3.00     15.5       2.5 '  01 07 27.7  +32 23 31
21   33    01 06 13.7  1.0  +13 04.3   1.50     49.0       2.0 '  01 08 52.0  +13 20 17
22   33.1  01 06 24.0 18.0  +72 54.0  60.00     12.0   <   2.5 '  01 10 02.0  +73 09 58
23   33.2  01 06 54.0 18.0  +69 06.0  60.00      9.0   <   4.0 '  01 10 19.7  +69 21 57
24   34    01 07 32.4  3.0  +31 30.1   3.00     11.0   <   2.5 '  01 10 18.4  +31 46 03
25   35    01 09 07.1  3.0  +49 10.3   3.00     12.5       3.2 '  01 12 04.4  +49 26 13
26   36    01 15 14.0  5.0  +45 23.0   6.00      9.5   <   4.0 '  01 18 10.1  +45 38 46
27   40    01 23 35.0 10.0  -01 32.0   9.00     24.0       5.0 '  01 26 08.2  -01 16 26
28   41    01 23 55.3  3.0  +32 56.1   3.00     10.0   <   3.0 '  01 26 44.9  +33 11 39
29   42    01 25 43.8  3.0  +28 48.0   3.00     11.5 * <   2.5 '  01 28 31.3  +29 03 31
30   43    01 27 15.2  3.0  +23 25.6   3.00     11.5   <   3.0 '  01 29 59.9  +23 41 04
31   44    01 28 46.4  5.0  +06 10.3   5.00     11.0       2.0 '  01 31 23.0  +06 25 44
32   46    01 32 38.0  5.0  +37 41.0   6.00      9.5       2.5 '  01 35 32.4  +37 56 19
33   47    01 33 40.9  3.0  +20 41.6   3.00     20.0   <   1.6 '  01 36 24.9  +20 56 53
34   48    01 34 49.1  0.5  +32 52.8   0.75     47.0 * <   1.0 "  01 37 40.6  +33 08 03
35   49    01 38 32.0  5.0  +13 48.0   7.00     11.5 * <   4.0 "  01 41 12.7  +14 03 09
36   52    01 45 18.3  3.0  +53 21.4   3.00     10.0   <   3.0 '  01 48 32.6  +53 36 19
37   54    01 52 27.7  3.0  +43 32.7   3.00     10.0 * <  12.0 "  01 55 31.9  +43 47 23
38   55    01 54 20.4  3.0  +28 36.3   3.00     21.0   <   2.5 '  01 57 11.9  +28 50 55
39   58    02 01 41.0  5.0  +64 38.0  15.00     24.0       4.5 '  02 05 27.5  +64 52 20
40   61.1  02 12 00.0 90.0  +85 59.6   5.00     29.0   <   1.5 '  02 23 49.7  +86 13 22
41   63    02 18 20.4  1.0  -02 14.0   2.00     15.0 * <  40.0 "  02 20 52.7  -02 00 18
42   66    02 20 10.4  1.5  +42 49.8   2.00     33.0       3.3 '  02 23 20.2  +43 03 24
43   65    02 20 37.9  3.0  +39 47.6   3.00     27.0       3.7 '  02 23 44.1  +40 01 11
44   67    02 21 18.3  3.0  +27 36.8   3.00     10.0   <   3.0 '  02 24 12.5  +27 50 22
45   68.1  02 29 29.0  5.0  +34 30.0  18.00     17.0   <   2.5 '  02 32 31.0  +34 43 12
46   68.2  02 31 24.2  3.0  +31 20.0   3.00     12.0   <   3.0 '  02 34 23.2  +31 33 07
47   69    02 34 20.0  3.0  +58 59.0   3.00     23.0   <  12.0 "  02 38 04.1  +59 11 58
48   71    02 40 06.0 12.0  -00 25.0  20.00     13.5 * <  40.0 "  02 42 39.5  -00 12 16
49   75    02 55 02.8  2.0  +05 51.9   3.00     23.0       3.6 '  02 57 41.4  +06 03 54
50   76.1  03 00 28.0  5.0  +16 15.0   7.00      9.5   <   3.0 '  03 03 15.7  +16 26 43
51   78    03 05 49.3  5.0  +03 57.3   5.00     15.0   <   2.0 '  03 08 26.5  +04 08 44
52   79    03 07 10.4  1.0  +16 54.8   0.50     24.0   <   1.5 '  03 09 59.1  +17 06 10
53   83.1  03 14 55.3  3.0  +41 43.9   3.00     28.0       3.3 '  03 18 14.3  +41 54 49
54   84    03 16 29.0  1.0  +41 20.3   1.00     58.0       2.3 '  03 19 47.6  +41 31 08
55   86    03 23 31.2  2.0  +55 08.4   1.00     21.0   <   2.5 '  03 27 20.1  +55 18 50
56   88    03 25 18.9  5.0  +02 24.8   5.00     16.0       3.2 '  03 27 54.9  +02 35 10
57   89    03 31 46.0  5.0  -01 14.0  10.00     18.5   <   2.5 '  03 34 18.7  -01 04 00
58   91    03 34 04.1  2.5  +50 35.2   3.00     12.5   <  15.0 "  03 37 43.8  +50 45 01
59   93    03 40 52.8  5.0  +04 47.6   5.00      9.5   <   3.0 '  03 43 31.2  +04 57 03
60   93.1  03 45 36.0  3.0  +33 44.3   3.00     10.0   <   3.0 '  03 48 47.2  +33 53 27
61   98    03 56 10.5  1.5  +10 16.7   2.00     41.0   <   2.5 '  03 58 54.7  +10 25 12
62   99    03 58 30.0  4.0  +00 17.0   7.00     10.0   <   3.0 '  04 01 04.1  +00 25 22
63  103    04 04 35.0  1.5  +42 51.6   1.50     25.0 * <  40.0 "  04 08 03.4  +42 59 33
64  105    04 04 47.1  5.0  +03 34.1   5.00     15.0       3.5 '  04 07 24.6  +03 42 04
65  107    04 09 55.0  3.0  -01 01.0   9.00     11.0 * <  12.0 "  04 12 27.8  -00 53 22
66  109    04 10 55.0  3.0  +11 15.0   6.00     19.5   <   1.5 '  04 13 40.7  +11 22 34
67  111    04 15 01.6  1.5  +37 53.4   1.00     57.0       2.9 '  04 18 22.2  +38 00 41
68  114    04 17 29.5  3.0  +17 47.0   3.00     10.0   <   3.0 '  04 20 22.7  +17 54 08
69  119    04 29 08.5  1.5  +41 32.9   1.50     15.0 * <   1.5 '  04 32 37.1  +41 39 14
70  123    04 33 55.8  1.5  +29 34.3   1.00    175.0   <  40.0 "  04 37 05.0  +29 40 19
71  124    04 39 24.0  5.0  +01 38.0  15.00      9.5   <   4.0 '  04 41 59.6  +01 43 40
72  125    04 42 50.0  5.0  +39 37.0   7.00      9.5   <   3.0 '  04 46 16.2  +39 42 24
73  129    04 45 24.7  2.0  +44 56.7   1.00     21.0       2.7 '  04 49 01.9  +45 01 55
74  129.1  04 46 42.0 12.0  +44 48.0  45.00     10.5   <   4.5 '  04 50 19.0  +44 53 08
75  130    04 48 50.0  3.0  +51 46.0   6.00     12.5       3.0 '  04 52 44.8  +51 50 58
76  131    04 50 09.8  3.0  +31 22.9   3.00     13.5   <   2.0 '  04 53 22.6  +31 27 48
77  132    04 53 42.7  3.0  +22 43.8   3.00     12.5 * <   1.0 '  04 56 43.4  +22 48 28
78  133    04 59 54.5  3.0  +25 12.2   3.00     19.5 * <  45.0 "  05 02 58.7  +25 16 25
79  134    05 01 17.7  1.0  +38 01.2   1.00     66.0      40.0 "  05 04 42.1  +38 05 19
80  135    05 11 43.0  6.0  +01 12.0  12.00     16.0       3.7 '  05 14 18.1  +01 15 24
81  136.1  05 12 54.0 12.0  +24 54.0  45.00     13.0              05 15 58.2  +24 57 18
82  137    05 15 38.1  3.0  +50 52.6   3.00      9.0 * <  40.0 "  05 19 32.6  +50 55 40
83  138    05 18 16.0  6.0  +16 35.0   8.00     18.5   <   3.0 '  05 21 09.4  +16 37 55
84  139.1  05 19 21.0 18.0  +34 00.0  45.00     20.0      16.0 '  05 22 39.2  +34 02 50
85  139.2  05 21 19.1  3.0  +28 11.0   3.00     11.0   <   3.0 '  05 24 28.2  +28 13 42
86  141    05 23 26.3  1.5  +32 47.0   2.50     13.0 * <  40.0 "  05 26 42.6  +32 49 32
87  142.1  05 28 48.9  5.0  +06 29.8   5.00     18.0       1.5 '  05 31 30.2  +06 31 58
88  144    05 31 30.0  1.0  +21 58.4   1.00   1420.0       5.0 '  05 34 30.5  +22 00 22
89  147    05 38 44.3  1.0  +49 49.4   0.50     58.0   <   2.0 "  05 42 36.9  +49 50 48
90  147.1  05 39 03.0 18.0  -01 48.0  45.00     14.5              05 41 34.7  -01 46 34
91  152    06 01 30.9  3.0  +20 21.4   3.00     11.0 * <  12.0 "  06 04 29.4  +20 21 11
92  153    06 05 44.6  3.0  +48 03.5   3.00     17.5 * <  40.0 "  06 09 32.6  +48 02 57
93  153.1  06 06 42.0 12.0  +21 12.0  24.00     19.0      15.0 '  06 09 41.6  +21 11 24
94  154    06 10 43.5  1.5  +26 04.9   0.50     19.0       1.0 '  06 13 49.9  +26 04 00
95  157    06 14 36.0 12.0  +22 43.0   4.00    210.0      29.0 '  06 17 37.6  +22 41 50
96  158    06 18 50.0  5.0  +14 31.0   8.00     14.0 * <  12.0 "  06 21 41.0  +14 29 32
97  165    06 40 04.4  3.0  +23 22.0   3.00     11.0   <   2.5 '  06 43 06.5  +23 18 59
98  166    06 42 25.6  3.0  +21 24.0   3.00     13.0   <   2.5 '  06 45 25.0  +21 20 49
99  169.1  06 47 42.0 12.0  +45 06.0  45.00      9.5       2.8 '  06 51 21.2  +45 02 25
100  171    06 51 14.8  1.0  +54 12.3   1.00     23.0 * <  45.0 "  06 55 18.6  +54 08 27
101  173    06 58 57.0 12.0  +38 04.0  20.00     10.0   <   3.0 '  07 02 21.2  +37 59 38
102  172    06 59 04.7  3.0  +25 18.0   3.00     14.0   <   2.5 '  07 02 08.9  +25 13 38
103  173.1  07 03 00.0 24.0  +75 12.0  45.00     12.0   <   3.0 '  07 09 35.4  +75 07 14
104  175    07 10 15.4  1.0  +11 52.3   1.00     16.0   <  45.0 "  07 13 02.5  +11 47 10
105  175.1  07 11 27.0 12.0  +15 36.0  45.00     11.5       3.7 '  07 14 18.4  +15 30 47
106  177    07 21 45.0  5.0  +15 35.0  10.00      9.5   <   3.0 '  07 24 36.1  +15 29 04
107  180    07 24 34.0  4.0  -01 59.0  10.00     14.0   <   3.0 '  07 27 05.5  -02 05 07
108  181    07 25 20.0  5.0  +14 45.0   9.00     13.0   <   2.5 '  07 28 10.0  +14 38 50
109  184    07 34 34.0 20.0  +70 20.0  10.00     11.0   <   2.5 '  07 39 57.5  +70 13 07
110  184.1  07 34 54.0 36.0  +80 30.0  45.00     12.0   <   3.0 '  07 43 27.9  +80 23 00
111  186    07 41 04.0  6.0  +38 05.0   4.00     13.5   <  12.0 "  07 44 24.8  +37 57 46
112  187    07 42 26.0  8.0  +01 54.0  10.00     11.0       3.0 '  07 45 01.7  +01 46 42
113  190    07 58 52.0  3.0  +14 27.0   6.00     11.0   <   4.0 "  08 01 40.6  +14 18 38
114  191    08 02 04.4  1.0  +10 23.6   1.50     10.5 * <  40.0 "  08 04 48.6  +10 15 02
115  192    08 02 36.4  3.0  +24 19.0   3.00     19.5   <   2.5 '  08 05 35.9  +24 10 23
116  194    08 06 38.9  1.5  +42 36.9   1.80      9.0   <   3.0 '  08 10 04.6  +42 28 02
117  196    08 10 01.1  1.0  +48 22.5   0.50     59.0   <  12.0 "  08 13 37.8  +48 13 25
118  196.1  08 13 21.0 18.0  -02 48.0  45.00     14.5   <   2.5 '  08 15 51.9  -02 57 15
119  197.1  08 18 21.0 12.0  +46 42.0  45.00      9.5   <   3.5 '  08 21 52.6  +46 32 25
120  198    08 19 51.9  5.0  +06 07.1   5.00     16.5       3.7 '  08 22 31.4  +05 57 27
121  200    08 24 20.0  6.0  +29 28.0   5.00     13.0   <   3.0 '  08 27 24.0  +29 18 04
122  204    08 32 59.0 10.0  +65 32.0  10.00      9.5   <   3.0 '  08 37 26.7  +65 21 32
123  205    08 35 28.0  8.0  +57 50.0   5.00     12.5 * <  40.0 "  08 39 23.6  +57 39 25
124  207    08 38 12.0 12.0  +12 48.0  45.00     10.0   <   3.0 '  08 40 57.3  +12 37 17
125  208    08 50 23.5  1.0  +14 03.0   1.50     16.0   <   2.5 '  08 53 09.4  +13 51 37
126  208.1  08 52 00.0 18.0  +14 42.0  45.00     12.5       3.5 '  08 54 46.4  +14 30 32
127  210    08 55 13.0  3.0  +28 03.5   3.00     10.5 * <  12.0 "  08 58 12.2  +27 51 52
128  212    08 56 00.0  5.0  +14 25.0   8.00     15.5   <  15.0 "  08 58 45.9  +14 13 20
129  213.1  08 58 07.2  3.0  +29 13.2   3.00     11.0       2.6 '  09 01 07.3  +29 01 25
130  215    09 03 44.4  3.0  +16 57.5   5.00     10.0   <   3.0 '  09 06 32.1  +16 45 26
131  217    09 05 55.0  5.0  +38 04.0   6.00     12.0   <   2.5 '  09 09 04.4  +37 51 49
132  216    09 06 19.5  1.0  +43 06.6   0.50     18.5 * <  12.0 "  09 09 35.7  +42 54 23
133  219    09 17 51.5  1.0  +45 51.5   0.75     44.0   <   1.0 '  09 21 09.4  +45 38 44
134  220.1  09 26 42.0 40.0  +80 12.0  45.00     12.0   <   2.5 '  09 33 08.6  +79 58 45
135  220.2  09 27 51.0 12.0  +36 06.0  45.00      9.5   <   3.0 '  09 30 54.4  +35 52 47
136  220.3  09 32 00.0 45.0  +83 48.0  45.00     14.5   <   2.5 '  09 40 28.1  +83 34 29
137  222    09 33 54.8  5.0  +04 38.9   5.00      9.0 * <   4.0 "  09 36 31.7  +04 25 25
138  223    09 36 53.0  9.0  +36 08.0   8.00     14.5   <   2.5 '  09 39 54.9  +35 54 23
139  223.1  09 38 20.0  5.0  +39 56.0   8.00      9.5   <   3.0 '  09 41 25.7  +39 42 19
140  225    09 39 36.0  4.0  +14 04.0   3.00     25.0   <   3.0 '  09 42 19.2  +13 50 17
141  226    09 41 41.0  7.0  +10 05.0   7.00     13.5   <   2.5 '  09 44 21.4  +09 51 12
142  227    09 45 07.0  2.0  +07 39.4   3.00     28.0       2.8 '  09 47 45.6  +07 25 27
143  228    09 47 25.0  5.0  +14 30.0   7.00     16.0 * <  40.0 "  09 50 08.0  +14 15 58
144  230    09 49 25.6  1.5  +00 12.5   2.00     21.0 * <  12.0 "  09 51 59.4  -00 01 37
145  231    09 51 20.0 10.0  +70 05.0  15.00     13.0 * <   1.5 '  09 55 29.8  +69 50 47
146  234    09 58 57.3  1.0  +29 01.6   0.50     29.0   <  40.0 "  10 01 49.4  +28 47 07
147  236    10 03 06.0 10.0  +35 03.0   9.00      9.0   <   3.0 '  10 06 02.3  +34 48 22
148  237    10 05 22.2  1.5  +07 43.9   1.50     24.0 * <  12.0 "  10 08 00.2  +07 29 12
149  238    10 08 23.0  5.0  +06 41.5   5.00     13.0   <   2.5 '  10 11 00.3  +06 26 42
150  239    10 08 48.0  8.0  +46 40.0  12.00     12.0   <   2.5 '  10 11 54.2  +46 25 10
151  241    10 19 09.9  3.0  +22 11.9   3.00     10.0 * <  45.0 "  10 21 55.0  +21 56 45
152  244.1  10 30 30.0 18.0  +58 42.0  45.00     19.0   <   2.5 '  10 33 44.6  +58 26 31
153  245    10 40 15.0  7.0  +12 22.0   6.00      9.5 * <  40.0 "  10 42 53.6  +12 06 16
154  247    10 56 09.4  3.0  +43 18.0   3.00     15.5       1.5 '  10 59 00.0  +43 01 55
155  249    10 59 37.0  6.0  -01 00.0   7.00     20.0       2.5 '  11 02 10.4  -01 16 09
156  249.1  11 00 12.0 30.0  +77 30.0  45.00     11.5   <   3.0 '  11 04 00.2  +77 13 50
157  250    11 06 11.7  3.0  +25 15.1   3.00     11.0   <   3.0 '  11 08 52.6  +24 58 50
158  252    11 08 58.0 10.0  +35 54.0   5.00     12.0       2.0 '  11 11 42.1  +35 37 41
159  254    11 11 54.3  1.0  +40 54.0   0.50     19.0 * <  12.0 "  11 14 39.7  +40 37 39
160  255    11 17 02.0  7.0  -02 31.0  14.00     16.5   <   2.5 '  11 19 35.2  -02 47 26
161  256    11 18 04.6  3.0  +23 45.5   3.00      9.5 * <  12.0 "  11 20 43.5  +23 29 04
162  257    11 20 43.0  5.0  +05 52.0   8.00      9.0   <   4.0 '  11 23 17.9  +05 35 32
163  258    11 22 12.0  9.0  +19 39.0   7.00      9.0   <   4.0 '  11 24 49.5  +19 22 31
164  263    11 36 55.0 10.0  +66 07.0  10.00     13.0   <  15.0 "  11 39 42.9  +65 50 23
165  263.1  11 40 49.7  1.5  +22 24.6   2.00     17.5   <   2.0 '  11 43 25.6  +22 07 57
166  264    11 42 31.7  1.5  +19 52.4   2.00     24.0       2.7 '  11 45 07.1  +19 35 44
167  265    11 42 52.4  3.0  +31 50.3   3.00     18.0   <   1.0 '  11 45 29.0  +31 33 38
168  266    11 43 05.9  3.0  +50 02.3   3.00      9.0   <   3.0 '  11 45 45.0  +49 45 38
169  267    11 47 26.0  8.0  +13 10.0   7.00     13.5   <   3.5 '  11 50 00.5  +12 53 19
170  268.1  11 57 54.0 24.0  +73 24.0  45.00     19.5   <   2.5 '  12 00 28.5  +73 07 18
171  268.2  11 58 25.2  3.0  +31 47.9   3.00      9.0   <   3.5 '  12 00 59.0  +31 31 12
172  268.3  12 04 12.0 18.0  +64 48.0  45.00      9.5   <   3.0 '  12 06 42.4  +64 31 18
173  268.4  12 06 44.6 10.0  +43 56.8   3.00      9.0   <   3.0 '  12 09 16.1  +43 40 07
174  270    12 16 38.3  5.0  +06 06.9   5.00     44.0       4.7 '  12 19 11.5  +05 50 15
175  270.1  12 18 04.7  3.0  +33 56.0   3.00     12.0   <   2.5 '  12 20 34.7  +33 39 22
176  272    12 22 02.6  1.5  +42 23.0   1.80      9.5   <   3.0 '  12 24 30.2  +42 06 23
177  272.1  12 22 35.0  9.0  +13 06.0  45.00     18.0       4.2 '  12 25 07.2  +12 49 23
178  273    12 26 31.8  5.0  +02 20.6   5.00     67.0 * <  12.0 "  12 29 05.2  +02 04 01
179  274    12 28 18.0  0.5  +12 40.1   0.50    970.0       4.7 '  12 30 49.8  +12 23 32
180  274.1  12 32 57.2  3.0  +21 36.1   3.00     15.0   <   3.0 '  12 35 27.1  +21 19 35
181  275    12 39 49.0  6.0  -04 39.0   7.00      9.5   <   3.0 '  12 42 23.8  -04 55 26
182  275.1  12 41 27.9  3.0  +16 42.6   5.00     16.0   <   3.0 '  12 43 58.0  +16 26 11
183  277    12 49 28.5  3.0  +50 52.1   3.00     12.5       4.0 '  12 51 44.4  +50 35 48
184  277.1  12 50 18.0 18.0  +57 12.0  45.00     12.0   <   3.0 '  12 52 28.8  +56 55 43
185  277.2  12 51 03.0 12.0  +15 48.0  45.00      9.5   <   3.0 '  12 53 32.5  +15 31 44
186  277.3  12 51 47.7  3.0  +27 53.2   3.00     11.5   <   3.0 '  12 54 13.4  +27 36 57
187  280    12 54 42.8  0.5  +47 36.1   1.00     20.0 * <  40.0 "  12 56 59.0  +47 19 54
188  280.1  12 58 14.2  3.0  +40 23.2   3.00     11.0   <   3.0 '  13 00 33.5  +40 07 03
189  284    13 08 43.3  3.0  +27 42.0   3.00     10.5       3.0 '  13 11 06.6  +27 26 04
190  285    13 19 07.7  2.0  +42 51.7   2.00     10.5       3.0 '  13 21 20.3  +42 36 01
191  287    13 28 17.0  3.0  +25 25.6   3.00     14.0 * <  12.0 "  13 30 38.7  +25 10 09
192  286    13 28 50.0  1.0  +30 45.6   1.00     21.0 * <   1.5 '  13 31 08.6  +30 30 10
193  287.1  13 30 21.0  5.0  +02 19.3   5.00     11.5       4.0 '  13 32 53.8  +02 03 55
194  288    13 36 38.0  3.0  +39 04.0   4.00     14.5 * <  40.0 "  13 38 49.4  +38 48 48
195  288.1  13 40 48.0 18.0  +60 12.0  45.00      9.5   <   3.5 '  13 42 32.0  +59 56 55
196  289    13 43 29.2  3.0  +50 00.9   3.00      9.5   <   2.5 '  13 45 28.0  +49 45 54
197  293    13 50 03.0  3.0  +31 39.3   3.00     12.0 * <   2.5 '  13 52 17.7  +31 24 32
198  293.1  13 52 21.0 12.0  +16 42.0  45.00      9.5   <   3.0 '  13 54 45.3  +16 27 18
199  294    14 04 35.0  6.0  +34 32.0   8.00      9.0 * <  40.0 "  14 06 44.9  +34 17 45
200  295    14 09 33.8  1.5  +52 28.0   1.50     73.0   <  12.0 "  14 11 20.9  +52 13 56
201  296    14 14 23.0 15.0  +08 31.0  15.00     12.5       3.0 '  14 16 51.3  +08 17 08
202  297    14 14 45.0  7.0  -03 58.0   9.00      9.5              14 17 21.4  -04 11 51
203  298    14 16 38.9  1.0  +06 41.5   1.00     44.0 * <   4.0 "  14 19 08.3  +06 27 44
204  299    14 19 07.5  1.5  +41 58.6   1.50     11.0 * <   2.0 "  14 21 06.9  +41 44 56
205  300    14 20 40.2  3.0  +19 50.8   3.00     16.0   <   2.0 '  14 23 00.1  +19 37 12
206  300.1  14 26 06.0  9.0  -01 24.0  45.00     10.5   <   3.0 '  14 28 40.8  -01 37 22
207  303    14 41 24.4  3.0  +52 17.7   3.00     12.5   <  40.0 "  14 43 02.2  +52 05 01
208  303.1  14 44 06.0 30.0  +77 12.0  45.00     11.5       2.3 '  14 43 28.7  +76 59 23
209  305    14 48 09.0 12.0  +63 33.0  15.00     13.5   <  12.0 "  14 49 13.0  +63 20 37
210  305.1  14 48 24.0 30.0  +76 54.0  45.00     11.5   <   3.0 '  14 47 47.2  +76 41 36
211  306.1  14 52 45.0 18.0  -03 48.0  45.00     12.5   <   3.0 '  14 55 21.9  -04 00 07
212  309.1  14 59 42.0 24.0  +72 42.0  45.00     17.0   <   2.0 '  14 59 45.2  +72 30 11
213  310    15 02 49.7  1.0  +26 13.3   0.50     51.0       1.6 '  15 04 59.9  +26 01 42
214  313    15 08 32.6  1.5  +08 01.1   1.50     28.0       2.5 '  15 10 59.5  +07 49 48
215  314.1  15 10 48.0 24.0  +71 18.0  45.00      9.0   <   3.0 '  15 10 56.5  +71 06 46
216  315    15 11 31.2  3.0  +26 17.7   3.00     17.5   <   2.0 '  15 13 40.5  +26 06 33
217  317    15 14 17.7  1.0  +07 11.2   1.00     43.0 * <  40.0 "  15 16 45.2  +07 00 13
218  318    15 17 51.4  3.0  +20 27.6   3.00     10.0 * <  15.0 "  15 20 06.2  +20 16 48
219  318.1  15 19 23.8  1.0  +07 50.3   1.50     11.0   <   3.0 '  15 21 50.6  +07 39 36
220  319    15 22 48.0  6.0  +54 39.0   4.00     17.0 * <   2.5 '  15 24 09.0  +54 28 28
221  320    15 29 37.0  5.0  +35 53.0   6.00     11.5 * <  40.0 "  15 31 32.5  +35 42 52
222  321    15 29 40.4  3.0  +24 12.6   3.00     12.5   <  40.0 "  15 31 50.4  +24 02 29
223  322    15 34 08.0  8.0  +56 05.0   7.00      9.5   <   3.0 '  15 35 22.0  +55 55 07
224  323    15 40 57.0  8.0  +60 18.0  10.00      9.5       2.7 '  15 41 54.7  +60 08 30
225  323.1  15 45 32.6  3.0  +21 03.3   3.00      9.0   <   3.0 '  15 47 45.0  +20 54 07
226  324    15 47 39.0  3.0  +21 35.7   3.00     11.5 * <  40.0 "  15 49 50.6  +21 26 39
227  325    15 49 08.0 10.0  +62 50.0   4.00     10.5   <  40.0 "  15 49 52.5  +62 41 00
228  326    15 50 13.8  3.0  +20 16.3   3.00     10.0       1.7 '  15 52 26.8  +20 07 25
229  326.1  15 53 58.0  3.0  +20 14.1   3.00      9.0   <   3.0 '  15 56 10.8  +20 05 26
230  327    15 59 59.0  1.0  +02 03.4   2.00     40.0       3.7 '  16 02 30.8  +01 55 08
231  327.1  16 02 13.8  1.0  +01 24.1   1.50     24.0   <   2.0 '  16 04 46.2  +01 15 58
232  330    16 08 59.0 10.0  +66 10.0   6.00     24.0   <   2.0 '  16 09 19.3  +66 02 14
233  332    16 15 46.7  3.0  +32 28.0   3.00     10.5   <   3.0 '  16 17 42.3  +32 20 44
234  334    16 18 06.8  3.0  +17 31.6   5.00     10.0 * <  40.0 "  16 20 21.6  +17 24 29
235  336    16 22 32.8  3.0  +23 52.1   3.00     13.5 * <  40.0 "  16 24 39.7  +23 45 17
236  341    16 26 04.7  3.0  +27 48.5   3.00     10.5   <   3.0 '  16 28 06.2  +27 41 55
237  338    16 26 56.7  1.0  +39 39.9   0.75     41.0   <   2.0 '  16 28 39.6  +39 33 22
238  337    16 27 16.0  6.0  +44 20.0   5.00     17.0   <   3.0 '  16 28 49.8  +44 13 29
239  340    16 27 30.1  3.0  +23 29.6   3.00     11.0   <   3.0 '  16 29 37.2  +23 23 07
240  343    16 34 18.0 18.0  +62 48.0  45.00      9.5   <   3.0 '  16 34 51.0  +62 41 55
241  343.1  16 38 06.0 18.0  +62 48.0  45.00      9.0   <   3.0 '  16 38 38.2  +62 42 11
242  345    16 41 18.6  3.0  +39 51.0   3.00     10.0 * <  12.0 "  16 42 59.9  +39 45 26
243  346    16 41 34.7  3.0  +17 19.7   3.00     11.0 * <  15.0 "  16 43 48.9  +17 14 10
244  348    16 48 40.3  1.0  +05 03.8   1.00    325.0       3.2 '  16 51 08.5  +04 58 46
245  349    16 58 10.0  4.0  +47 08.0   6.00     12.0 * <  40.0 "  16 59 34.4  +47 03 36
246  351    17 04 03.0  6.0  +60 48.0   5.00     11.0   <   3.0 '  17 04 40.9  +60 43 59
247  352    17 09 15.0  4.0  +46 02.0   4.00     11.0 * <  12.0 "  17 10 41.2  +45 58 23
248  353    17 17 56.1  1.0  -00 57.0   1.50    203.0       4.0 '  17 20 31.0  -00 59 57
249  356    17 23 06.0  3.0  +51 00.5   3.00     14.5       1.5 '  17 24 18.4  +50 57 52
250  357    17 26 26.6  3.0  +31 47.0   3.00      9.0   <   3.0 '  17 28 19.4  +31 44 38
251  363.1  17 50 30.0 30.0  +05 36.0  60.00     90.0      60.0 '  17 52 57.2  +05 35 24
252  368    18 02 42.0  5.0  +10 57.0   6.00     14.0   <   3.5 '  18 05 02.9  +10 57 17
253  371    18 07 04.0 12.0  +69 55.0  20.00      9.5   <   3.0 '  18 06 35.1  +69 55 30
254  372.1  18 12 42.0 18.0  -03 36.0  45.00     41.0      35.0 '  18 15 20.0  -03 34 59
255  379.1  18 26 24.0 24.0  +74 24.0  45.00      9.5   <   3.5 '  18 24 59.8  +74 25 52
256  380    18 28 14.6  2.0  +48 41.2   2.00     57.0 * <  20.0 "  18 29 32.9  +48 43 18
257  381    18 32 28.0  2.0  +47 24.0   4.00     12.5 * <  20.0 "  18 33 49.8  +47 26 24
258  382    18 33 12.0  3.0  +32 39.2   3.00     20.0       1.8 '  18 35 03.4  +32 41 41
259  386    18 36 11.9  1.0  +17 07.2   1.50     24.0       1.8 '  18 38 25.3  +17 09 54
260  388    18 42 37.0  3.0  +45 32.0   3.00     22.0 * <  40.0 "  18 44 03.9  +45 35 08
261  390    18 43 12.0  3.0  +09 49.0   4.00     19.0 * <  40.0 "  18 45 34.4  +09 52 13
262  389    18 43 41.0  7.0  -03 23.0  12.00     21.0       3.3 '  18 46 18.6  -03 19 44
263  390.1  18 44 00.0 24.0  +06 36.0  60.00     51.0      45.0 '  18 46 26.2  +06 39 16
264  390.2  18 45 12.0 24.0  -03 12.0  45.00    110.0      35.0 '  18 47 49.4  -03 08 38
265  390.3  18 46 12.0 36.0  +80 00.0  45.00     44.0       1.9 '  18 42 33.0  +80 03 13
266  391    18 46 47.0  5.0  -00 59.0   6.00     24.0       2.0 '  18 49 21.9  -00 55 31
267  392    18 53 34.0  2.0  +01 14.0   3.00    400.0      16.0 '  18 56 06.3  +01 17 58
268  394    18 57 02.0  6.0  +12 56.0   7.00     12.0 * <   1.0 '  18 59 20.9  +13 00 12
269  396    19 01 35.7  5.0  +05 23.5   5.00     22.0       3.0 '  19 04 03.4  +05 28 01
270  396.1  19 04 30.0 18.0  -03 12.0  45.00     30.0      35.0 '  19 07 07.3  -03 07 16
271  397    19 05 07.3  5.0  +07 04.7   5.00     28.0       3.0 '  19 07 33.1  +07 09 28
272  398    19 08 44.0  1.5  +09 00.7   3.00     55.0       3.3 '  19 11 07.6  +09 05 43
273  399.1  19 13 59.4  3.0  +30 12.4   3.00     12.5   <   2.5 '  19 15 56.3  +30 17 46
274  399.2  19 15 42.0 18.0  +10 36.0  90.00     19.0              19 18 03.9  +10 41 30
275  400    19 21 30.0 24.0  +14 24.0  45.00    540.0      60.0 '  19 23 47.7  +14 29 54
276  400.1  19 22 48.0 12.0  +35 54.0  45.00     16.5              19 24 36.5  +35 59 58
277  400.2  19 36 30.0 18.0  +17 24.0  45.00     22.0      25.0 '  19 38 44.6  +17 30 54
278  401    19 39 37.0 10.0  +60 35.0   3.00     19.0 * <  40.0 "  19 40 23.1  +60 42 04
279  402    19 40 26.7  3.0  +50 29.5   3.00     13.0       2.7 '  19 41 47.1  +50 36 38
280  403    19 49 43.6  5.0  +02 29.4   5.00     26.0       1.5 '  19 52 14.7  +02 37 11
281  403.1  19 49 54.0 18.0  -02 00.0  60.00     12.5              19 52 29.8  -01 52 13
282  403.2  19 52 00.0 30.0  +31 54.0  60.00     50.0      36.0 '  19 53 57.1  +32 01 54
283  405    19 57 45.3  1.0  +40 36.0   1.00   8100.0              19 59 29.2  +40 44 16
284  409    20 12 18.5  1.0  +23 25.3   2.00     73.0 * <  30.0 "  20 14 28.0  +23 34 29
285  409.1  20 18 00.0 36.0  +45 12.0 120.00    230.0      55.0 '  20 19 38.3  +45 21 31
286  410    20 18 02.7  3.0  +29 32.4   3.00     32.0 * <  12.0 "  20 20 05.3  +29 41 55
287  410.1  20 19 36.0 30.0  +40 06.0 120.00    410.0      58.0 '  20 21 23.6  +40 15 37
288  411    20 19 47.0  5.0  +09 59.0   8.00     14.0 * <  30.0 "  20 22 11.1  +10 08 38
289  415.1  20 31 06.0 24.0  +43 18.0  90.00     24.0      12.0 '  20 32 50.0  +43 28 17
290  415.2  20 31 20.8  3.0  +53 34.6   3.00     10.0   <   3.0 '  20 32 43.0  +53 44 53
291  416.1  20 33 24.0 36.0  +46 52.0   6.00     60.0      40.0 '  20 35 01.8  +47 02 25
292  416.2  20 34 00.0 36.0  +41 33.0  18.00    160.0      40.0 '  20 35 47.4  +41 43 27
293  418    20 37 07.1  3.0  +51 07.1   3.00     12.5 * <   3.0 "  20 38 36.7  +51 17 43
294  419.1  20 39 06.0 30.0  +42 06.0  60.00     74.0      45.0 '  20 40 53.4  +42 16 44
295  424    20 45 44.4  5.0  +06 53.4   5.00     12.5 * <  40.0 "  20 48 12.1  +07 04 31
296  427.1  21 05 12.0 30.0  +76 36.0  45.00     23.0   <   2.0 '  21 04 30.2  +76 48 03
297  428    21 06 45.2  3.0  +49 21.9   3.00     19.0   <   2.5 '  21 08 25.6  +49 34 06
298  430    21 16 57.0  5.0  +60 35.0   3.00     29.0   <   1.8 '  21 18 13.3  +60 47 41
299  431    21 17 12.5  3.0  +49 21.6   3.00     21.0   <   1.5 '  21 18 55.6  +49 34 18
300  432    21 20 26.2  3.0  +16 52.4   5.00     11.5 * <  40.0 "  21 22 47.0  +17 05 16
301  433    21 21 32.1  1.0  +24 52.7   1.00     52.0   <  30.0 "  21 23 46.1  +25 05 37
302  434    21 21 45.0  8.0  +15 49.0  12.00     10.5   <   3.5 '  21 24 06.7  +16 01 56
303  434.1  21 23 06.0 12.0  +51 48.0  60.00     23.0              21 24 46.1  +52 00 59
304  435    21 26 39.0  5.0  +07 27.0  10.00      9.5 * <  40.0 "  21 29 07.3  +07 40 09
305  435.1  21 35 12.0 30.0  +84 24.0  45.00     12.0   <   3.0 '  21 30 49.9  +84 37 23
306  436    21 41 59.1  3.0  +27 55.7   3.00     15.0 * <  40.0 "  21 44 12.9  +28 09 31
307  437    21 45 00.0  3.0  +15 03.0   5.00     10.5 * <  40.0 "  21 47 23.8  +15 16 56
308  437.1  21 48 24.0 12.0  +13 42.0  45.00      5.0              21 50 48.9  +13 56 04
309  438    21 53 45.5  1.0  +37 45.8   1.00     37.0 * <  40.0 "  21 55 52.3  +38 00 04
310  441    22 03 50.1  1.0  +29 16.7   1.50     13.0 * <  40.0 "  22 06 05.8  +29 31 21
311  442    22 12 56.0 12.0  +13 35.0  12.00     20.0              22 15 22.5  +13 49 57
312  445    22 21 13.1  1.0  -02 24.6   4.00     23.0       1.9 '  22 23 48.0  -02 09 23
313  449    22 29 09.0  6.0  +38 57.0   7.00     13.5       3.0 '  22 31 22.1  +39 12 26
314  452    22 43 33.5  2.0  +39 24.7   1.50     49.0       3.2 '  22 45 49.5  +39 40 30
315  454    22 49 09.6  3.0  +18 33.9   5.00      9.0   <   3.0 '  22 51 36.6  +18 49 50
316  454.1  22 49 36.0 24.0  +71 36.0  45.00      9.5   <   3.0 '  22 51 09.2  +71 51 56
317  454.2  22 50 24.0 18.0  +64 48.0  45.00     10.5   <   3.0 '  22 52 15.6  +65 03 57
318  454.3  22 51 42.0 12.0  +15 00.0  45.00     15.0   <   2.5 '  22 54 10.6  +15 16 00
319  455    22 52 42.0  8.0  +13 12.0   7.00     13.0       2.5 '  22 55 11.3  +13 28 01
320  456    23 10 04.0 10.0  +09 06.0  12.00     13.0   <   3.0 '  23 12 35.5  +09 22 20
321  458    23 10 20.3  5.0  +05 06.0   5.00     10.0       2.2 '  23 12 52.8  +05 22 20
322  459    23 14 02.8  5.0  +03 55.0   5.00     22.0 * <   3.0 "  23 16 35.7  +04 11 23
323  460    23 19 00.3  3.0  +23 32.1   3.00      9.5   <   2.5 '  23 21 29.0  +23 48 33
324  461    23 21 10.6  2.0  +58 33.1   1.00  11000.0              23 23 26.4  +58 49 34
325  465    23 36 01.0  1.5  +26 40.2   1.50     35.0       4.0 '  23 38 31.4  +26 56 49
326  468.1  23 48 36.0 18.0  +64 24.0  45.00     34.0   <   2.5 '  23 51 03.5  +64 40 41
327  469.1  23 53 30.0 36.0  +79 48.0  45.00     11.5   <   3.0 '  23 55 55.1  +80 04 42
328  470    23 56 04.1  3.0  +43 49.6   3.00      9.0   <   2.5 '  23 58 37.1  +44 06 18